Template: NONE
DangerType: None
CeilingDrips: 0
Clouds: 0.1521739
Grime: 0
BkgDroneVolume: 0.173913
RandomItemDensity: 0.8369565
RandomItemSpearChance: 0.3521738
Palette: 108
EffectColorA: 14
Effects: RoofTopView-1-20-20, 
PlacedObjects: CustomDecal><497.8204><289.6619><-7~379~582~376~598~-22~-472~128~0.6086956~1~1~boobhead tags~0.326087~0.4673913~0.326087~0.4673913~0.326087~0.4673913~0.326087~0.4673913, CustomDecal><194.12><382.8961><31~85~155~20~141~-59~227~76~0~1~1~junkgraffiti4~0.8043478~0.1521739~0.8043478~0.1521739~0.8043478~0.1521739~0.8043478~0.1521739, CustomDecal><911.7374><1328.801><11~201~113~200~112~5~-174~-399~0~0.4021739~0~citypurple~0.5~0.1630435~0.5~0.1630435~0.5~0.1630435~0.5~0.1630435, CustomDecal><864.1929><168.8029><12~542~142~545~141~-4~1~141~0.3043478~0.5543478~0~cityred~0.5~0.3913043~0.5~0.3913043~0.5~0.3913043~0.5~0.3913043, CustomDecal><248.6589><516.1285><-16~588~126~583~133~-1~-220~-402~0.3152174~0.4782609~0~citypurple~0.5~0.2282609~0.5~0.2282609~0.5~0.2282609~0.5~0.2282609, CustomDecal><330.6891><194.9349><-67~436~868~422~799~-48~-171~249~0.6304348~1~0~full wall only tags~0.3804348~0.7717391~0.3804348~0.7717391~0.3804348~0.7717391~0.3804348~0.7717391, CustomDecal><-63.42682><148.4066><-70~923~1181~978~1129~-8~-178~12.99998~0~1~0~runningwhite~0.1847826~1~0.1847826~1~0.1847826~1~0.1847826~1, CustomDecal><138.5798><870.3552><-121~770~1017~757~1049~-233~-198~375~0.01086957~1~0~runningwhite~0.173913~1~0.173913~1~0.173913~1~0.173913~1, CustomDecal><94.68628><1009.573><26~590~1012~609~1175~-148~-141~-116~0.6413044~1~1~full wall only tags~0.2065217~0.2065217~0.2065217~0.2065217~0.2065217~0.2065217~0.2065217~0.2065217, CustomDecal><-112.9496><533.5125><-35~1111~1610~1189~1223~-361~279~366~0.01086957~1~1~voodomonkey~0~0.0326087~0~0.0326087~0~0.0326087~0~0.0326087, DangleFruit><332.2742><962.0518><0~0~2~3, DangleFruit><308.0521><992.2791><0~0~2~3, InsectGroup><517.3><1206.499><-51~259~0~0~Beetle~0.5, 
AmbientSounds: OMNI><AM_IND-SuperStructure.ogg><735.5591><488.691><0.09782609><1, OMNI><AM_WIN-MedWind.ogg><735.5505><555.6935><0.2173913><0.7847826, SPOT><AM_IND-ElectricHum01.ogg><536.427><83.68622><0.5><1><300.427><138.6862><-35.35534><-35.35534><0><0.2304349, SPOT><SO_SFX-Data4.ogg><276.5569><320.8019><0.4456522><1><-23.44312><301.802><-82.35535><-110.3553><0><0.2413045, SPOT><SO_SFX-DataTrans.ogg><272.3026><448.5317><0.3478261><1><-10.69745><588.5317><-70.35535><-96.35535><0><0.2739132, SPOT><SO_IND-HVAC.ogg><461.179><511.063><0.2173913><1><88.17902><1360.063><-116.3553><-189.3553><0><0.1652175, SPOT><SO_ENV-StrongWnd.ogg><740.8062><364.808><0.4891304><1.352174><754.8062><1437.808><-337.3553><-332.3553><0><0.7195653, 
FadePalette: 109, 0.326087, 0.4673913
