Template: NONE
DangerType: None
CeilingDrips: 0
RainIntensity: 0
RumbleIntensity: 0
Clouds: 0.1413043
Grime: 0.1630435
BkgDroneVolume: 0.2282609
BkgDroneNoThreatVolume: 0.7391304
RandomItemDensity: 0.8695652
RandomItemSpearChance: 0.5260869
Palette: 108
Effects: DayNight-1-20-20, RoofTopView-1-21-58, Dustpuffs-1-37-131, 
PlacedObjects: DayNightSettings><596.8767><1041.155><5~8.660254~111~110, CustomDecal><60.42212><576.434><-159~744~695~760~600~-24~-85~-226~0~1~1~blackrust1~0~1~0.5~1~1~1~1~1, CustomDecal><37.57788><-37.13009><-181~656~991~1109~1109~16~592~394.9984~0~1~0~runningwhite~0.2391304~1~0.2391304~1~0.1956522~1~0.2391304~1, CustomDecal><873.0679><768.3326><-146~635~1226~677~1035~-281~21~187~0.01086957~1~0~rubber ducky~0.3043478~1~0.3043478~1~0.3043478~1~0~1, CustomDecal><97.4021><767.3799><-9~239~156~243~154~3~-249~50~0~1~0~cityred~0~0.9456522~0.6630435~0.9456522~0.7608696~0.9456522~0~0.9456522, CustomDecal><344.1896><780.3143><0~180~193~180~167~0~-2~197~0.2717391~0.5869565~0~citypurple~0.6304348~0~0.7608696~0~0.4782609~0~0~0, CustomDecal><340.7837><-22.69713><3~418~144~418~142~-1~121~398~0.3043478~0.4673913~0~citygreen~0.8152174~0~0.5978261~0~0.4565217~0~0.6739131~0, CustomDecal><950.9283><22.65952><-335~792~1508~826~1197~-62~0~0~0.08695652~1~0~candytag~0~0.7065217~0.5~0.7065217~0.1413043~0.7065217~0.6956522~0.7065217, CustomDecal><2073.601><313.6729><55~68~904~128~960~-170~133~12.99979~0~1~0~rustb2~0.2282609~0.3043478~0.6847826~0.3043478~0.5543478~0.3043478~0.4021739~0.3043478, CustomDecal><78.94342><29.55092><-2~176~152~177~147~1~-212~-8.000015~0~0.2173913~1~citypurple~0~1~0.5326707~1~0.6521739~1~0~1, 
AmbientSounds: OMNI><AM_WIN-MedWind.ogg><755.7388><409.9497><0.2173913><1.293478, SPOT><SO_IND-Deep50hz.ogg><493.9497><309.4893><0.5760869><0.823913><329.9497><63.48927><-148.3553><-104.3553><0><0.2956523, SPOT><SO_IND-NoiseMech.ogg><539.4175><489.3593><0.2282609><1.430435><173.4167><872.3622><-92.35535><-71.35535><0><0.1, SPOT><SO_SFX-DataTrans.ogg><358.3073><475.4466><0.3478261><1.313043><99.30719><1115.447><-52.35535><-43.35535><0><0.2413045, SPOT><AM_IND-SuperStructure.ogg><254.075><203.4033><0.5><1><86.07495><338.16><-132.3553><-92.35535><0><0.5891306, SPOT><SO_IND-Fridge.ogg><738.5858><209.8193><0.3369565><1><1423.586><622.7621><-163.3553><356.6447><0><0.1760871, SPOT><SO_ENV-StrongWnd.ogg><532.1299><109.9021><0.3913043><1.293478><2635.13><364.9021><-434.3553><-212.3553><0><0.4804349, SPOT><AM_WIN-HowlingWnd.ogg><816.5548><519.9424><0.5><0.7456522><1440.555><1228.948><-220.3553><-203.3553><0><0.2956523, 
FadePalette: 12, 0.2065217, 0.1086956, 0.1956522, 0.2065217, 0.08695652, 0.1847826
