Template: NONE
DangerType: None
Clouds: 0.2173913
Grime: 0.04347826
BkgDroneVolume: 0
Palette: 109
EffectColorA: 15
AmbientSounds: OMNI><AM_ENV-Forest.ogg><731.5596><534.3112><0.1413043><0.6282609, OMNI><AM_IND-SuperStructure.ogg><709.9196><448.9331><0.09782609><1.058696, SPOT><AM_ENV-LightWind.ogg><819.3881><275.6447><0.423913><1><1503.388><757.5461><-252.3553><-426.3553><0><0.3717393, SPOT><SO_SFX-DataTrans.ogg><854.0568><391.8015><0.25><1><2024.057><1218.802><-172.3553><-96.35535><0><0.2304343, SPOT><SO_SFX-Data2.ogg><417.9459><444.0402><0.25><1><348.9459><428.0402><-98.35535><-83.35535><0><0.2956523, SPOT><SO_SFX-DataTrans2.ogg><630.056><220.7989><0.326087><1.313043><701.056><62.79886><-134.3553><30.64466><0><0.2086958, SPOT><SO_SFX-DataStream.ogg><559.4604><31.44604><0.3043478><0.5108696><1829.46><64.44604><-117.3553><32.64466><0><0.2195653, SPOT><AM_ENV-Woods.ogg><455.4609><280.5539><0.1847826><1><1466.461><1140.554><-260.3553><-245.3553><0><0.3065219, 
FadePalette: 108, 0.2282609, 0.06521739, 0.1521739
