Template: NONE
DangerType: None
Clouds: 0.3152174
Grime: 0.173913
BkgDroneVolume: 0.1847826
BkgDroneNoThreatVolume: 0.2391304
Palette: 109
EffectColorA: 15
EffectColorB: 0
Effects: Dustpuffs-1-20-20, SkyBloom-1-30-89, 
PlacedObjects: CustomDecal><203.4318><21.31206><-115~623~621~739~503~-22~-387~190~0.0217393~0.5978258~1~rust3~0.391304~1~0.391304~1~0.391304~1~0.391304~1, CustomDecal><170.4348><69.8262><21~625~646~620~486~-35~-355~168~0.6086956~1~1~runningwhite~0.2717391~1~0.2717391~1~0.2717391~1~0.2717391~1, CustomDecal><276.249><-34.04999><-76~241~380~377~331~-71~-455~219~0~1~1~rust3~0.3804348~0.8369565~0.3804348~0.8369565~0.3804348~0.8369565~0.3804348~0.8369565, CustomDecal><-14.48441><145.9494><-12.99997~611~948.9999~628~973~-71~0~0~0.6413044~0.6956522~0.8695652~full wall only tags~0.4130435~0.2065217~0.4130435~0.2065217~0.4130435~0.2065217~0.4130435~0.2065217, 
AmbientSounds: SPOT><Mech Basic.wav><776.419><107.3171><0.2391304><1><473.4189><375.3171><-338.3553><-246.3553><0><0.1760878, SPOT><SO_SFX-DataStream.ogg><534.725><506.3016><0.5><0.6282609><51.72498><198.3016><76.64468><-171.3553><0><0.1, SPOT><SO_SFX-Data3.ogg><284.1852><347.6744><0.5><1><841.1852><321.6744><-87.35541><-98.35535><0><0.1, SPOT><SO_IND-MechHum01.ogg><490.3553><351.862><0.4021733><1><359.3553><360.862><-28.35535><-31.35535><0><0.1, SPOT><SO_IND-MechHum02.ogg><766.9232><379.5653><0.2717391><1><602.9232><475.5653><-31.35529><-28.35535><0><0.1, SPOT><SO_IND-HVAC.ogg><499.8864><64.91455><0.5><1><356.8864><110.9146><-30.35535><-32.35535><0><0.1, SPOT><Mech Active.wav><828.3747><2.655853><0.1847833><1><550.3748><1.655899><-222.3553><163.6447><0><0.3065219, SPOT><SO_IND-NoiseMech.ogg><555.102><608.4221><0.1956522><1.880435><493.102><706.4221><-147.3553><-70.35535><0><0.3065219, SPOT><SO_SFX-DataStream.ogg><299.5706><485.1617><0.3369562><1.019566><117.5706><608.1617><-99.35535><-142.3553><0><0.1, 
FadePalette: 108, 0.2391306
