Template: NONE
DangerType: None
CeilingDrips: 0
RainIntensity: 0
RumbleIntensity: 0
Clouds: 0.1630435
Grime: 0.1413043
BkgDroneVolume: 0.2826087
RandomItemDensity: 1
RandomItemSpearChance: 0.547826
Palette: 108
Effects: RoofTopView-1-20-20, Dustpuffs-1-76-68, Moth-0.04347826-336-81, DayNight-1-312-168, 
PlacedObjects: CustomDecal><147.6981><-3.527725><-147~859~808~820~755~-65~-124~194~0.02173913~1~0~runningwhite~0.2608696~1~0.2608696~1~0.2608696~1~0.6956522~1, CustomDecal><12.27213><770.5515><142~869~1130~498~1126~-180~8~76~0.1630435~1~0~runningwhite~0.108696~1~0.4021741~1~0.3804349~1~0.5326086~1, CustomDecal><331.6097><2008.108><-32~562~868~551~834~-68~-175~198~0.1304348~1~0~runningwhite~0.5~0.5~0.5~0.5~0.5~0.5~0.5~0.5, CustomDecal><471.3796><2055.09><-2~244~176~242~151~-4~-322~-190~0.6956522~1~0~cityred~0.6847826~0~0.6847826~0~0.6847826~0~0.6847826~0, CustomDecal><217.1034><1387.354><-42~350~381~347~390~5~452~244~0.6413044~1~1~citygreen~0~0.3586957~0.3695652~0.3586957~0.8043478~0.3586957~0~0.3586957, CustomDecal><40.43863><1841.684><-39~753~1026~673~859~-24~756~306~0.6195652~1~0~full wall only tags~0.5~0~0.5~0~0.5~0~0.5~0, DayNightSettings><436.5203><1572.449><5~8.660254~111~110, CustomDecal><118.1902><90.18811><23~552~585~559~595~-3~714~224~0.6086956~1~1~gummiworms~0.2065217~0.6521739~0.2065217~0.6521739~0.2065217~0.6521739~0.2065217~0.6521739, CustomDecal><454.5541><813.7904><0~179~130~181~130~0~161~210~0.6956522~1~0~citypurple~0.5~0~0.5~0~0.5~0~0.5~0, CustomDecal><170.9482><1279.276><-44~733~1004~712~881~-45~-173~204~0.0326087~1~0~full wall only tags~0.5~0.2282609~0.5~0.2282609~0.5~0.2282609~0.5~0.2282609, CustomDecal><891.601><679.0334><453~788~-898~631~-794~-19~-582~316.7293~0.02173913~1~0~full wall only tags~0.5~0.1304348~0.5~0.1304348~0.5~0.1304348~0.5~0.1304348, CustomDecal><795.1862><202.073><-14~126~119~160~146~18~-323~148~0~1~0~hoko scav1~0.3804348~0.5978261~0.3804348~0.5978261~0.3804348~0.5978261~0.3804348~0.5978261, InsectGroup><571.3225><2169.843><-307~-202~0~0~Moth~0.2173913, WallSteamer><388.8179><161.5828><45~126, 
AmbientSounds: SPOT><SO_ENV-StrongWnd.ogg><727.8455><566.627><0.2608696><1.508696><703.8455><2392.626><-136.3553><-585.3553><0><1, OMNI><AM_ENV-LightWind.ogg><727.5909><493.3788><0.25><1, OMNI><SO_IND-HVAC.ogg><734.9078><411.3729><0.1304348><1, SPOT><SO_SFX-Data5.ogg><497.5147><427.1995><0.5><1><132.5147><2053.199><124.6447><-115.3553><0><0.1760871, SPOT><SO_SFX-Data4.ogg><743.4062><193.1766><0.2934783><1><983.4062><1539.177><-72.35535><-92.35535><0><0.1, SPOT><AM_IND-50hz.ogg><341.8><295.7498><0.1956522><1><405.8><273.7498><-242.3553><-197.3553><0><0.2086958, SPOT><Mech Active.wav><803.428><25.65891><0.3913043><0.6673913><967.428><1045.659><-125.3553><-120.3553><0><0.1, 
FadePalette: 12, 0.2065217, 0.1086956, 0.08695652, 0.05434782
