Template: NONE
DangerType: None
Clouds: 0
Grime: 0.06521739
BkgDroneVolume: 0
Palette: 30
EffectColorA: 6
Effects: RoofTopView-1-20-20, 
PlacedObjects: ScavengerOutpost><1680.897><878.3646><-54~340~-525~133~0~93~33, CustomDecal><2745.044><687.3049><-315~334~1095~473~1047~-178~139~227~0~1~0~runningwhite~0.2173913~1~0.2173913~1~0.2173913~1~0.2173913~1, CustomDecal><2500.685><0.42276><-3~363~141~363~136~0~234~167~0.326087~0.6413044~0~cityred~0.4021739~1~0.4021739~1~0.4021739~1~0.4021739~1, CustomDecal><1835.663><130.1975><0~286~196~273~186~3~-115.0168~157.0346~0~0.06521739~0~cityred~0~0~0.7391304~0~0.7282609~0~0~0, CustomDecal><1871.805><-26.81621><-12~1078~1045~895~1054~-121~-94~239~0~0.6739131~1~blackrust1~0.5000146~1~0.5000146~1~0.5000146~1~0.5000146~1, CustomDecal><907.5564><729.4496><67~390~1101~373~996~-53~0~0~0~1~0~runningwhite~0.2282609~1~0.2282609~1~0.2282609~1~0.2282609~1, CustomDecal><104.9681><672.1974><-44~519~1033~646~1023~-187~0~-0.0491333~0~1~1~runningwhite~0~0.6630435~0~0.6630435~0~0.6630435~0~0.6630435, CustomDecal><1372.845><770.0742><12~278~610~248~592~-8~-201~-102~0.0326087~0.3478261~0~lc_toll1c~0.5~0~0.5~0~0.5~0~0.5~0, CustomDecal><1925.343><-39.25043><117~610~775~517~636~-80~459~103~0.641514~0.7282503~0.75~ghostsplash~0.3804348~0.4565217~0.3804348~0.4565217~0.3804348~0.4565217~0.3804348~0.4565217, InsectGroup><2351.115><1136.586><-288~-205~0~0~Moth~0.5, 
FadePalette: 12, 0.2717391, 0.2608696, 0.2282609, 0.1521739, 0.2934783
