Template: NONE
DangerType: None
RainIntensity: 0
RumbleIntensity: 0
WaveSpeed: 0.5
WaveLength: 0.75
WaveAmplitude: 0.04962811
SecondWaveLength: 0.1666667
SecondWaveAmplitude: 0
Clouds: 0
Grime: 0.1630435
BkgDroneVolume: 0
RandomItemDensity: 0.9130435
Palette: 30
Effects: RoofTopView-0-20-20, 
PlacedObjects: CustomDecal><3150.455><89.05508><-6~776~1053~816~1424~-166~0~0~0.02173913~1~0~runningwhite~0.2826087~1~0.2826087~1~0.2826087~1~0.2826087~1, CustomDecal><824.4237><69.5992><102~775~1323~739~1230~-199~89~108~0.0326087~1~1~full wall only tags~0.4130435~0.1304348~0.4130435~0.1304348~0.4130435~0.1304348~0.4130435~0.1304348, CustomDecal><1373.166><-41.86086><-315~959~1538~889~1334~-52~-186~386~0.06521739~1~0~runningwhite~0.3478261~0.8478261~0.3478261~0.8478261~0.3478261~0.8478261~0.3478261~0.8478261, CustomDecal><1953.387><125.379><36~449~617~355~559~-26~572.2797~121.3562~0.1587896~0.4021739~1~shinytag~0.2486771~0.184764~0.2486771~0.184764~0.2486771~0.184764~0.2486771~0.184764, CustomDecal><2401.5><125.9178><107~450~422~402~305~-47~-370~82.27014~0.1631589~0.6086956~1~verticalredwhite~0.1195612~0.07774154~0.1195612~0.07774154~0.1195612~0.07774154~0.1195612~0.07774154, CustomDecal><2572.982><248.1488><31~210~418~132~315~-84~-302.9907~-8.302124~0~1~1~whitejunk2~0.03256093~0.3042523~0.03256093~0.3042523~0.03256093~0.3042523~0.03256093~0.3042523, CustomDecal><1947.568><-11.82145><95~456~962~463~1042~0~-92~253.9973~0~0.1413043~1~junkgraffiti6~0.326087~0.4456522~0.326087~0.4456522~0.326087~0.4456522~0.326087~0.4456522, 
AmbientSounds: OMNI><AM_ENV-WallHum.ogg><747.3668><431.3508><0.4021739><1, 
FadePalette: 12, 0.1847826, 0.2065217, 0.1413043, 0.1086956
WetTerrain: OFF
