Template: NONE
DangerType: None
Clouds: 0.1304348
Grime: 0.173913
BkgDroneVolume: 0.3043478
RandomItemDensity: 1
RandomItemSpearChance: 0.547826
Palette: 108
EffectColorA: 19
EffectColorB: 11
Effects: RoofTopView-1-20-20, Moth-0.05434799-36-82, 
PlacedObjects: CustomDecal><2082.472><175.448><-29~664~768~775~1013~-123~-186~214~0.01086957~1~1~runningwhite~0.2173996~1~0.2173996~1~0.2173996~1~0.2173996~1, LightSource><348.6839><1543.283><1~EffectColor1~-131~-102~-341~-148.3975~0~0~Flash~0.7957104~0, LightSource><344.6988><1543.772><0.5869569~EffectColor1~13~-13~-344~-278.3975~0~1~Flash~0.7934783~0, CustomDecal><855.1909><182.9403><43~508~758~433~623~-264~284.9999~334~0.0326087~1~1~runningwhite~0.3369569~1~0.3369569~1~0.3369569~1~0.3369569~1, CustomDecal><1272.837><272.3836><2~292~136~287~130~-3~323.0001~150.9665~0.6304345~1~0~cityred~0.5108693~0.7499998~0.5108693~0.7499998~0.5108693~0.7499998~0.5108693~0.7499998, CustomDecal><994.0079><134.3002><1~139~344~98~345~-6~-212~244~0.3152174~0.3695652~1~citygreen~0.3586957~1~0.3586957~1~0.3586957~1~0.3586957~1, CustomDecal><-71.05508><189.7052><-15.00001~1100~705.9999~860~1260~122~0~0~0~1~1~runningwhite~0.3478261~1~0.3478261~1~0.3478261~1~0.3478261~1, CustomDecal><695.1398><947.2033><45~984~1161~902~1005~-250~0~0~0~1~0~blackrust1~0.2065217~1~0.2065217~1~0.2065217~1~0.2065217~1, CustomDecal><728.6235><466.0955><-193~875~1293~1317~1159~-43~-306~78~0~1~1~runningwhite~0.2717391~1~0.2717391~1~0.2717391~1~0.2717391~1, CustomDecal><677.0351><1390.563><1044~177~1275~-1034~146~-1033~127.9998~-297~0.2173913~1~0~full wall~0.5~0.7065217~0.5~0.7065217~0.5~0.7065217~0.5~0.7065217, CustomDecal><2028.432><730.8118><7~868~713~863~597.0001~-38~-251~151~0.01086957~1~1~runningwhite~0.369565~1~0.369565~1~0.369565~1~0.369565~1, 
AmbientSounds: OMNI><AM_WIN_Hilltop.ogg><587.3605><430.8333><0.2065217><1, SPOT><AM_IND-ElectricHum01.ogg><762.301><297.2301><0.1304335><1><2393.301><407.2302><-123.3553><-120.3553><0><0.1, SPOT><SO_SFX-Data3.ogg><563.9499><187.4948><0.2173913><1><388.95><297.4949><-76.35535><-73.35535><0><0.1, SPOT><SO_SFX-DataStream.ogg><551.6984><450.4747><0.2717398><1><293.6984><733.4748><-35.35534><-35.35534><0><0.1, SPOT><SO_SFX-Data2.ogg><812.4952><100.45><0.3043478><1><804.4952><548.45><-37.35535><-115.3553><0><0.1, SPOT><SO_SFX-Data1.ogg><423.8188><485.0847><0.5><0.6673913><342.8188><1537.199><-15.35535><-21.35535><0><0.3065219, SPOT><SO_IND-HVAC.ogg><769.8206><411.9116><0.5><1><1182.819><1454.914><-59.35535><-55.35535><0><0.1, SPOT><Basic Mech.wav><377.3704><146.9023><0.3043478><1><1188.371><429.9256><-124.3553><-136.3553><0><0.4804346, SPOT><SO_IND-HVAC.ogg><254.1669><387.14><0.3369565><1><2443.167><570.14><-129.3553><-158.3553><0><0.2630433, SPOT><SO_SFX-Data2.ogg><442.5516><336.7251><0.2282609><1><2387.552><1466.746><-114.3553><-115.3553><0><0.3391306, OMNI><AM_ENV-LightWind.ogg><744.6841><519.172><0.3369552><1, SPOT><AM_WIN-MedWind.ogg><744.397><537.0786><0.2826074><1><2389.397><1529.079><-515.3553><-168.3553><0><0.1, 
FadePalette: 12, 0.2173913, 0.2173913, 0.2065217, 0.1521739, 0.1413043, 0.1630435
WetTerrain: OFF
