Template: NONE
DangerType: None
RainIntensity: 0
RumbleIntensity: 0
Clouds: 0.2173913
Grime: 0
BkgDroneVolume: 0
BkgDroneNoThreatVolume: 0
Palette: 109
EffectColorA: 13
EffectColorB: 6
Effects: Dustpuffs-0-385-79, DayNight-1-20-20, RockFlea-0.2282609-284-244, Darkness-0-29-83, 
PlacedObjects: LanternOnStick><492.4087><375.6779><-34~-119, LanternOnStick><407.3472><436.629><21~-168, CustomDecal><418.5912><291.1285><-12~240~226~243~232~8~465~64~0.6413044~1~0.1630435~lcsecretsun~0.4891304~0.05434782~0.4891304~0.05434782~0.4891304~0.05434782~0.4891304~0.05434782, CustomDecal><647.1405><306.8923><-4~265~92~276~96~-1~-795~-51~0.5543478~0.8695652~0.3478261~lcsecret2~0.3913043~0.04347826~0.3913043~0.04347826~0.3913043~0.04347826~0.3913043~0.04347826, CustomDecal><294.8903><288.6672><3~271~103~285~97~0~-448~-69~0.5217391~1~0.1086956~lcsecret4~0.3043478~0.07608695~0.3043478~0.07608695~0.3043478~0.07608695~0.3043478~0.07608695, CustomDecal><353.947><307.5347><-4~108~90~116~86~2~-491~-109~0~0.7282609~0.1195652~lcsecret3~0.6413044~0.1304348~0.6413044~0.1304348~0.6413044~0.1304348~0.6413044~0.1304348, CustomDecal><312.922><240.6021><-14~89~99~91~106~-6~-315~134~0.3043478~1~0.1630435~lcsecret2~0.3695652~0.08695652~0.3695652~0.08695652~0.3695652~0.08695652~0.3695652~0.08695652, CustomDecal><604.5461><235.6946><-17~86~227~109~213~-3~-540~127~0.326087~1~0~lcsecret1~0.4782609~0.09782609~0.4782609~0.09782609~0.4782609~0.09782609~0.4782609~0.09782609, CustomDecal><309.3014><209.2261><-3~47~496~63~493~12~-443~-59.00002~0.04347826~1~0~lcfloordeco~0.5~0~0.5~0~0.5~0~0.5~0, CustomDecal><254.605><157.8298><0~65~577~64~577~2~69~151~0~0.2282609~0.05434782~lcfloordeco2~0.3152174~0.06521739~0.3152174~0.06521739~0.3152174~0.06521739~0.3152174~0.06521739, 
FadePalette: 10, 0.1847826
