Template: NONE
DangerType: None
CeilingDrips: 0
WaveSpeed: 0.4980478
WaveLength: 0.9990239
WaveAmplitude: 0.0004438981
SecondWaveLength: 0.1666667
SecondWaveAmplitude: 0
Clouds: 0
Grime: 0.05434782
BkgDroneVolume: 0
RandomItemDensity: 1
RandomItemSpearChance: 0.3847826
Palette: 30
Effects: RoofTopView-1-307-75, HeatWave-0-41-10, Dustpuffs-1-314-9, Advertisements-0-300-150, Beetle-0.217391-339-280, DayNight-1-576.9999-362, 
PlacedObjects: CustomDecal><1265.077><775.1008><6~169~135~168~130~-6~-386.9999~-123~0.6521739~1~1~citypurple~0.3043478~1~1~1~0.1304348~1~0.7608696~1, CustomDecal><1395.372><985.3417><2~289~135~291~137~2~-406~25~0.6630435~1~0~cityred~0.6956522~1~0.6956522~1~0.6956522~1~0.6956522~1, CustomDecal><123.2704><505.3013><-295~871~800~907~683~114~0~0~0.1521739~1~1~runningwhite~0.5869562~1~0.3913043~1~0.173913~1~0.4347826~1, CustomDecal><1038.263><122.8139><104~1287~987~1615~757~-133~-199~187.9978~0.173913~1~1~blackrust1~0.7173913~1~0.01086957~1~0.1847826~1~0.8913044~1, DayNightSettings><1190.293><937.6953><858~159.6602~111~110, SteamPipe><1274.691><206.5588><-56~72, FlyLure><1412.95><189.7534><-389~-164~4~9, DataPearl><2408.604><970.4206><-413~-193~0~0~Misc~0, CustomDecal><1293.441><347.3434><1~326~130.0001~327~128~0~-289.9999~-229~0.5978262~1~1~cityred~0~1~0~1~0.7608696~1~0.9673913~1, CustomDecal><510.6973><831.7094><-2~310~136~303~134~-2~-372~36~0.5978258~1~1~cityred~1~1~0.5434783~1~0.5434783~1~0.5434783~1, CustomDecal><639.842><680.4276><-6~265~134~265~133~0~73~296~0.6413044~0.9891304~1~citygreen~0.6521739~1~0.6521739~1~0.6521739~1~0.6521739~1, CustomDecal><1398.717><711.4476><1~171~132~172~132~1~324~253~0.6739131~1~1~citygreen~0.2282609~0.9456522~0.5760869~0.9456522~0.3913043~0.9456522~0.8260869~0.9456522, CustomDecal><1655.225><1039.949><3~345~134~349~135~-1~-509~-125~0.6521739~1~1~citygreen~0.7173913~1~0.5543478~1~0~1~1~1, CustomDecal><2047.906><0.124733><-108~1320~1095~1330~1055~3~0~0~0~1~1~runningwhite~0.25~1~0.07608695~1~0.2282609~1~0.1847826~1, CustomDecal><392.1394><106.8566><-1~112~278~116~277~0~-368~24~0~1~1~citygreen~0.5~1~0~1~0~1~0~1, CustomDecal><257.818><263.9171><-167~574~982~448~861~-272~0~0~0.3043478~0.4782609~1~gibberish~0~1~0.5~1~0.2826087~1~0.5~1, InsectGroup><467.3334><1152.068><254~-94~0~0~Moth~0.5, 
AmbientSounds: OMNI><AM_WIN_Hilltop.ogg><741.6816><455.5839><0.1304348><1, OMNI><AM_ENV-WallHum.ogg><745.0157><387.0506><0.2826074><0.6282585, SPOT><SO_IND-Boiler.ogg><744.369><555.4011><0.2826087><1><2128.369><406.4011><-120.3553><-270.3553><0><0.1, SPOT><SO_SFX-DataTrans2.ogg><776.8211><151.0631><0.2391304><1><2340.822><408.1688><-65.35538><-50.35535><0><0.2956536, SPOT><SO_SFX-Pi.ogg><381.4022><234.3704><0.3586955><1.254347><250.4023><457.3704><-92.35532><-66.35535><0><0.2086958, SPOT><SO_SFX-Corrosion.ogg><410.652><458.0756><0.2717391><1><77.6521><1202.076><-99.35532><-73.35535><0><0.1, 
FadePalette: 12, 0.173913, 0.173913, 0.1521739, 0.1956522, 0.1630435, 0.1304348
